name: F:\bdhandspeakdataset\env
channels:
  - conda-forge
  - defaults
dependencies:
  - blas=1.0=mkl
  - brotli=1.0.9=h2bbff1b_7
  - brotli-bin=1.0.9=h2bbff1b_7
  - bzip2=1.0.8=he774522_0
  - ca-certificates=2022.07.19=haa95532_0
  - certifi=2022.6.15=py38haa95532_0
  - cloudpickle=2.0.0=pyhd3eb1b0_0
  - cycler=0.11.0=pyhd3eb1b0_0
  - cytoolz=0.11.0=py38he774522_0
  - dask-core=2022.7.0=py38haa95532_0
  - fonttools=4.25.0=pyhd3eb1b0_0
  - freetype=2.10.4=hd328e21_0
  - fsspec=2022.7.1=py38haa95532_0
  - hdf5=1.10.4=h7ebc959_0
  - icc_rt=2019.0.0=h0cc432a_1
  - imageio=2.19.3=py38haa95532_0
  - imutils=0.5.4=py38haa244fe_2
  - intel-openmp=2021.4.0=haa95532_3556
  - jpeg=9e=h2bbff1b_0
  - kiwisolver=1.4.2=py38hd77b12b_0
  - leptonica=1.78.0=h688788b_4
  - lerc=3.0=hd77b12b_0
  - libarchive=3.5.2=h214662b_0
  - libbrotlicommon=1.0.9=h2bbff1b_7
  - libbrotlidec=1.0.9=h2bbff1b_7
  - libbrotlienc=1.0.9=h2bbff1b_7
  - libdeflate=1.8=h2bbff1b_5
  - libiconv=1.16=h2bbff1b_2
  - libopencv=4.0.1=hbb9e17c_0
  - libpng=1.6.37=h2a8f88b_0
  - libtiff=4.4.0=h8a3f274_0
  - libwebp=1.2.2=h2bbff1b_0
  - libwebp-base=1.2.2=h2bbff1b_0
  - libxml2=2.9.14=h0ad7f3c_0
  - libzlib=1.2.12=h8ffe710_2
  - locket=1.0.0=py38haa95532_0
  - lz4-c=1.9.3=h2bbff1b_1
  - matplotlib-base=3.5.2=py38hd77b12b_0
  - mkl=2021.4.0=haa95532_640
  - mkl-service=2.4.0=py38h2bbff1b_0
  - mkl_fft=1.3.1=py38h277e83a_0
  - mkl_random=1.2.2=py38hf11a4ad_0
  - munkres=1.1.4=py_0
  - networkx=2.8.4=py38haa95532_0
  - numpy=1.23.1=py38h7a0a035_0
  - numpy-base=1.23.1=py38hca35cd5_0
  - opencv=4.0.1=py38h2a7c758_0
  - openjpeg=2.4.0=h4fc8c34_0
  - openssl=1.1.1q=h2bbff1b_0
  - packaging=21.3=pyhd3eb1b0_0
  - partd=1.2.0=pyhd3eb1b0_1
  - pillow=9.2.0=py38hdc2b20a_1
  - pip=22.1.2=py38haa95532_0
  - py-opencv=4.0.1=py38he44ac1e_0
  - pyparsing=3.0.9=py38haa95532_0
  - pytesseract=0.3.10=pyhd8ed1ab_0
  - python=3.8.13=h6244533_0
  - python-dateutil=2.8.2=pyhd3eb1b0_0
  - python_abi=3.8=2_cp38
  - pytube=12.1.0=pyhd8ed1ab_0
  - pywavelets=1.3.0=py38h2bbff1b_0
  - pyyaml=6.0=py38h2bbff1b_1
  - scikit-image=0.19.2=py38hf11a4ad_0
  - scipy=1.7.1=py38hbe87c03_2
  - setuptools=63.4.1=py38haa95532_0
  - six=1.16.0=pyhd3eb1b0_1
  - sqlite=3.39.2=h2bbff1b_0
  - tesseract=5.2.0=h17c68af_0
  - tifffile=2020.10.1=py38h8c2d366_2
  - tk=8.6.12=h2bbff1b_0
  - toolz=0.11.2=pyhd3eb1b0_0
  - ucrt=10.0.20348.0=h57928b3_0
  - vc=14.2=h21ff451_1
  - vs2015_runtime=14.29.30037=h902a5da_6
  - wheel=0.37.1=pyhd3eb1b0_0
  - wincertstore=0.2=py38haa95532_2
  - xz=5.2.5=h8cc25b3_1
  - yaml=0.2.5=he774522_0
  - zlib=1.2.12=h8cc25b3_2
  - zstd=1.5.2=h19a0ad4_0
prefix: F:\bdhandspeakdataset\env
